# mass [feV] neutron coupling [GeV^-1]
0.041589539938419365 1
0.041589539938419365 2.9946761325136387e-9
0.05230562768511988 2.2951375296060556e-9
0.06578285529451228 1.8436383397636614e-9
0.08448653148636 1.3168368081102426e-9
0.09711961644141592 1.2565728894387726e-9
0.10625558895039443 1.4469495719360464e-9
0.13585458573998027 1.0174307047653177e-9
0.1736988016244312 1.328200890969797e-9
0.21943877253101965 1.3495023993943537e-9
0.2793081728302207 5.748254255556821e-10
0.3533872968537536 6.830834468753725e-10
0.44912834561999543 4.4066391801074265e-10
0.5682477902124444 4.172591100593833e-10
0.7232826276250364 3.248425401082516e-10
0.9164864981678595 2.7136270018754295e-10
1.1630405464661278 2.8672721051210476e-10
1.4715063676164184 2.3765344616033737e-10
1.867372376289533 2.824120881689814e-10
2.36973462600618 2.960742780974737e-10
3.0117522661745064 2.781632266436101e-10
3.810540097527067 2.6546019673893323e-10
4.842906310322864 2.5533040256526835e-10
6.145749460468936 3.1801665041389184e-10
7.033023816578188 5.009456398748471e-10
7.834222056910369 4.385477993480041e-10
9.046229387694034 4.0557323143849277e-10
9.897201683756759 6.85490846283147e-10
10.091881266012773 7.241359599161244e-10
11.445503071545932 8.145133957259511e-10
12.540950613720083 4.671362175483764e-10
15.93859329916188 5.379946419822679e-10
20.287113897538838 6.596657444794536e-10
25.744772106061788 7.59727165848655e-10
32.57289369834262 1.031379694477485e-9
39.756276503160066 1.1785094729517975e-9
39.756276503160066 1