1.020920694182247e-14 1.0
1.020920694182247e-14 1.0715559707448107e-12
1.173828894526157e-14 6.470654580571673e-13
1.3496388911267702e-14 3.889036004812458e-13
1.5935865883824425e-14 2.36271573534125e-13
1.7513036647932572e-14 1.4722101976936496e-13
2.402981592767159e-14 7.413121925265273e-14
3.874189647290661e-14 4.740113619182107e-14
6.666490683188253e-14 4.379866823782167e-14
1.2017605395208405e-13 2.0596148204235465e-14
2.0047712762731887e-13 2.0596148204235465e-14
3.3443500081742355e-13 2.0596148204235465e-14
5.579028944372692e-13 2.0078055993531155e-14
9.306909828837036e-13 1.904328482486677e-14
1.5525743176054246e-12 1.6121225566365286e-14
2.530446490775963e-12 1.1708410550619333e-14
3.9367483616240315e-12 7.162112727342745e-15
5.983785558945367e-12 4.576323209286976e-15
9.52837081224692e-12 2.7269302160003666e-15
1.3535544321659024e-11 2.153669275227507e-15
2.005796439820737e-11 1.988013727692066e-15
3.346060181179633e-11 1.8130822592680923e-15
5.5818818469317914e-11 1.8095325714753923e-15
9.420600711965414e-11 1.8784874548087158e-15
1.5176523240538987e-10 2.501316939616886e-15
2.1513162757274404e-10 3.916527989401235e-15
2.778610731489243e-10 6.617794939710626e-15
3.2699614201684627e-10 8.328679146747041e-15
