0.0006149547472453995 1
0.0006149547472453995 0.009614119473257214
0.0006414654394275221 0.0087339907063869
0.0006665587580416538 0.007674391916762174
0.0006860277540769201 0.006134384599803032
0.0007087779353593885 0.005021309051157082
0.000739337372944716 0.004258123864108399
0.0007712151516982053 0.0035668102718236054
0.0008044670293765031 0.0030049243959516126
0.0008391512411970177 0.0025839639916339875
0.0008753310166013245 0.002216518911304729
0.0009130680668507062 0.0019711483476952674
0.0009524293704973676 0.0018158254153707177
0.0009934849806864476 0.001727077724551736
0.0010363139052573234 0.0015728344663642575
0.0010809879133186367 0.0014536561712301405
0.0011275849010710058 0.0013871498759209454
0.0011761938525378843 0.0012767979974003464
0.0012269023418934792 0.0011271099664833316
0.001278164473254205 0.0009660436410984992
0.0013247810139698562 0.0007803405149129343
0.001376601471463464 0.0007067836058144933
0.0014359415287409968 0.0006722398592660717
0.0014978491300100983 0.0005895498856420876
0.0015624189564449396 0.0005462194521288498
0.0016297738684026323 0.0004998896501215416
0.0017000377025024932 0.0004398396162653914
0.0017733273439391138 0.0003966375093167583
0.0018497695857006412 0.00037509368447689157
0.0019295064974890646 0.0003558849481126707
0.0020126923317151605 0.00031364745512605903
0.00209945906672896 0.00028563597381683724
0.0021899637398744565 0.00026399249567819137
0.002284379127755468 0.00023189950993611125
0.0023828560581795177 0.00021362624707894584
0.0024855785371623797 0.00019647054135288862
0.0025927341544649857 0.00017644810849175603
0.0027045233865401006 0.0001484084395587374
0.0028211149930499027 0.00013504352285362238
0.0029427292194942594 0.00012481087779987865
0.0030695878532176354 0.00011450576284474182
0.003201911934753156 0.00010643827951255713
0.0033399491386629284 0.0000956694739425344
0.0034839397324128696 0.00008521836636430739
0.0036341302129972272 0.00007799022751707842
0.0037908012140362114 0.00006998480839727917
0.00395422594614199 0.00006290415284800665
0.004124694990049388 0.00005672555538121332
0.004302512218986939 0.000051279775985095714
0.00448799725686396 0.0000460915867378929
0.004681475678819019 0.00004176927585005768
0.004883269332742441 0.00004045071300533922
0.005093781400761055 0.00003726326982484275
0.005296422232266009 0.000033279105969420675
0.005542462886844433 0.00002877752463090959
0.005781377396222587 0.000027371035418422036
0.006030592166907154 0.000025948073550906986
0.00629055909247409 0.000024139684878763938
0.006561742895265569 0.00002201986644545938
0.006844617336967732 0.000020086199165856534
0.007139676670448827 0.00001864044675371373
0.007447449691746483 0.000017469744971872177
0.007768483461639452 0.00001654796082353439
0.008103335384236132 0.00001618398306151219
0.008452619633437268 0.000015853979625537623
0.00881700396232081 0.000014568845974588432
0.009197063138795864 0.000014016726186874796
0.009593488058341551 0.000013787303742535574
0.010006978826850185 0.000013933469186110198
0.010438277997199014 0.000014313922878218893
0.010888157616039939 0.000014850113755812899
0.011357402294730739 0.000015828802202428452
0.011846863766119499 0.000016982988722731594
0.012357442440343073 0.000017793317357546042
0.012835415208667324 0.000013096479882579794
0.014803941538263369 0.000009608344888750605
0.01803672351412388 0.000007221762913842008
0.020507517931553778 0.000005820399372977516
0.02326095817850816 0.000004828764332727583
0.027238043798311764 0.000003682700973083084
0.031200194580802313 0.0000027740621008773224
0.03550279468313756 0.000002249193060341179
0.04099236545347299 0.0000017114282867477255
0.04604395177823173 0.0000014964073783659177
0.054405212381762 0.0000010445168020231902
0.06048261568341478 8.351498610780239e-7
0.06595666093463615 6.949633647487075e-7
0.07750267920117684 5.771204161972228e-7
0.08783544427243585 4.46034222034893e-7
0.09648375680880694 4.101264384050997e-7
0.11363671900447658 2.7288160771785206e-7
0.12858652357247263 2.3726571281061068e-7
0.1471406738034512 1.8300640721907682e-7
0.1590246358181608 1.6027451103798974e-7
0.1818570003518668 1.28761097186304e-7
0.20054863464996675 9.56211662596629e-8
0.23060512306695696 8.23140043889193e-8
0.24906159583450072 6.634391524077855e-8
0.29055297736307845 5.4765474322705636e-8
0.3277186556429399 4.6028637897790154e-8
0.3522543471273654 3.9153324181252905e-8
0.41225185812553383 3.10549937664107e-8
0.45467039033930146 2.9540660501969655e-8
0.5018301119423522 2.47541687296592e-8
0.5756690468923377 2.2920164323324485e-8
0.6099021781587488 2.049465201546652e-8
0.7070553996392436 2.423399762343281e-8
0.8027497189428546 2.8656081802887127e-8
0.863024280141069 3.9755280745679576e-8
0.9013413555223683 4.853879399270943e-8
0.9145624364702802 6.317425001292612e-8
0.9145624364702802 1
