0.0006166318675902328 1e10
0.0006166318675902328 4.8457022268949606e-9
0.0006370262230293452 4.412213180950112e-9
0.0006493518827543725 3.6810817580509688e-9
0.0006593873327008276 3.0970139536279694e-9
0.0006786069335483585 2.5566051709087085e-9
0.0007077943154090249 2.2326396705198332e-9
0.0007382402302046554 1.9055792534149226e-9
0.0007699854162310116 1.7478176612301822e-9
0.0008030995152801102 1.5627225595821526e-9
0.0008376372112688842 1.401808155048768e-9
0.0008736550858324324 1.2975865282764885e-9
0.0009112142345807095 1.2549450202827999e-9
0.0009503840109733805 1.2418229071995206e-9
0.0009912411925823413 1.2049498739810552e-9
0.0010338550849224813 1.1676425629987906e-9
0.0010783055860293155 1.1058704640035327e-9
0.0011246639287828721 1.0639448653173526e-9
0.0011730197524229102 1.0030536098741607e-9
0.0012234555717097265 9.419417285852544e-10
0.0012760724516957369 8.394384401562842e-10
0.0013309559605193663 7.369148946407173e-10
0.0013881957458805334 6.575829248402105e-10
0.0014478986328807844 5.837275793685332e-10
0.0015101557023149063 5.435201566743341e-10
0.0015750879802419527 5.090715099369315e-10
0.0016428091403497141 4.815093858133109e-10
0.0017134438698916126 4.5276518578510755e-10
0.0017871075395910307 4.361704772298665e-10
0.0018639424615526402 4.14992193258579e-10
0.0019440820146621612 3.935524725008745e-10
0.0020276765697627317 3.6405433144964163e-10
0.0021148679784165425 3.347896812932377e-10
0.002205803814985669 3.1152529597516435e-10
0.0023006446744324506 2.933120887810805e-10
0.0023995612608725147 2.774316004014733e-10
0.002502731700690511 2.6189627795979456e-10
0.0026103357733394585 2.483659437555521e-10
0.002722567245000467 2.350727010559602e-10
0.0028396220272735528 2.2336621298989858e-10
0.002961703332092454 2.146169251078671e-10
0.0030890312779126372 2.0688614042089536e-10
0.0032218505873092135 1.937735677247287e-10
0.003360389375010282 1.7901512082362983e-10
0.003504889586188103 1.6430206128514773e-10
0.003655583322971217 1.5530476759503833e-10
0.003812748714347455 1.483452275898023e-10
0.003976676996226399 1.4058924835337237e-10
0.0041476771959189605 1.2920335229085826e-10
0.004326013065439763 1.213315298382999e-10
0.004512002959550783 1.1581859075169384e-10
0.004705995521979183 1.0976321168991091e-10
0.004908332956383221 1.0354902566312478e-10
0.00511937190412272 9.749507151071993e-11
0.00533948207990885 9.20356452225763e-11
0.005569036246736803 8.854640335200849e-11
0.005808476430820372 8.38620098853243e-11
0.006058201684191858 8.01039732084447e-11
0.006318661116761836 7.666469538185217e-11
0.006590302314773141 7.433965474657686e-11
0.006873630705547416 7.156811724101506e-11
0.007169132850220319 6.926154138170676e-11
0.00742977472887239 6.87473658458604e-11
0.007695013158101028 6.687407193601208e-11
0.008259437847937822 6.586621575814472e-11
0.00889920799111754 6.638492243116721e-11
0.009406786925691673 6.928832212283118e-11
0.009811071136807143 7.15898494577498e-11
0.010232699337265038 7.518783242336325e-11
0.010672416857247836 8.01641172692889e-11
0.011130976702396118 8.767904561813058e-11
0.011504329127514548 8.537710332618509e-11
0.012806826870136102 7.689885505313522e-11
0.013913488813546118 7.13168703294706e-11
0.016183459012981627 6.130641910883264e-11
0.018015921930151044 5.742527449665786e-11
0.020055982560710048 5.479447939994241e-11
0.02232740935157894 5.5268835741609146e-11
0.024857035150761635 6.366462959465449e-11
0.027535320551295844 4.826099397391743e-11
0.030503205374141928 4.10944370861305e-11
0.033956889112256396 3.766390518398927e-11
0.03780207336808573 3.6016752782956475e-11
0.04208270202921517 3.4516698078424303e-11
0.046849131719772924 3.5814922696800373e-11
0.05139798761886593 3.7243416413778205e-11
0.05638417264531721 2.9630620535240206e-11
0.06276846884868262 2.7574105400561335e-11
0.06987711624359713 2.760169522111198e-11
0.07666162348512662 2.8353254471134262e-11
0.08409891011390941 2.278594280345625e-11
0.09362183289449133 2.1624049340950604e-11
0.1042220696192661 1.9840475511872536e-11
0.11602388868122801 1.8972793663233393e-11
0.12916316525987534 1.8663872286459366e-11
0.1437869925702361 1.690222645844329e-11
0.16006622573786852 1.520721313924033e-11
0.1781902311371012 1.4136359352962132e-11
0.19836408494658922 1.2622172382525917e-11
0.22082531698513957 1.1887620755311972e-11
0.24582973313352283 1.1171469244789581e-11
0.2736630399784527 1.0183308523460569e-11
0.3046484499935547 9.363741945264598e-12
0.3391468483794646 9.032554085194311e-12
0.37754427588070505 8.126738539622951e-12
0.4202959509907097 7.745996061517646e-12
0.467891594725027 7.545587752021615e-12
0.5208829947933733 7.644120926126272e-12
0.579883967991116 8.12386359829721e-12
0.6455751235735248 8.968991830383015e-12
0.718722624976547 1.0628030506480762e-11
0.7885514858387186 1.3409385893751172e-11
0.8484603358392234 1.7505676185082846e-11
0.8952818657698532 2.253823946990551e-11
0.9264435889962442 2.9594511473752184e-11
0.9264435889962442 1e10